15
25ABC01 Jayesh 18 72 20 68 15 19 17 75 19 80
25ABC02 R@hul 16 65 18 70 14 60 15 68 17 72
25ABC03 Aman 17 69 19 71 16 65 18 73 20 78
25ABC*4 Rohit 15 62 17 66 14 61 16 67 18 70
25ABC05 Neha 19 75 20 80 18 72 17 74 19 78
25ABC06 Pooja 18 70 17 68 16 66 19 76 20 82
25ABC07 $uresh 14 60 15 62 16 64 17 66 18 68
25ABC08 Kiran 16 67 18 72 17 69 15 65 19 75
25ABC09 Ankit 17 68 19 73 16 66 18 70 20 77
25ABC10 Ramesh 15 63 16 65 14 60 17 68 18 71
25ABC11 Sunita 18 72 20 78 19 75 17 70 16 68
25ABC12 Mohan 14 58 15 60 16 63 17 66 18 69
25ABC10 Priya 19 76 18 74 20 80 17 72 16 70
25ABC14 Deepak 16 65 17 67 18 70 19 74 15 62
25ABC15 Kavya 20 82 19 78 18 75 17 73 16 70
