15
25ABC01 Jayesh 18 32 20 28 15 45 55 48 50 52
25ABC02 R@hul 16 25 18 30 14 40 48 42 45 50
25ABC03 Aman 17 29 19 31 16 42 50 46 48 52
25ABC*4 Rohit 15 22 17 26 14 41 47 43 45 49
25ABC05 Neha 19 35 20 38 18 50 55 52 53 56
25ABC06 Pooja 60 30 17 28 16 48 50 46 54 58
25ABC07 $uresh 14 20 15 22 24 40 42 44 46 48
25ABC08 Kiran 16 27 32 17 29 45 50 48 44 52
25ABC09 Ankit 17 19 33 16 10 46 51 45 49 75
25ABC10 Ramesh 15 23 25 14 20 42 44 40 48 50
25ABC11 Sunita 18 32 20 36 19 50 54 52 48 46
25ABC12 Mohan 14 18 20 16 23 38 40 43 46 49
25ABC10 Priya 19 34 18 20 36 52 50 56 48 46
25ABC14 Deepak 16 25 17 27 30 45 47 50 54 42
25ABC15 Kavya 20 38 19 36 18 55 52 50 48 46
